key,key:patronage,serial-number,creation-moment,memorandum,link
patronage-report-01,patronage-01,4,2022/03/18 23:59,1,https://ev.us.es
patronage-report-02,patronage-02,1,2021/03/28 00:59,AAAAAAAAAAAAAAAAAAAAAAAAAAAAAAAAAAAAAAAAAAAAAAAAAAAAAAAAAAAAAAAAAAAAAAAAAAAAAAAAAAAAAAAAAAAAAAAAAAAAAAAAAAAAAAAAAAAAAAAAAAAAAAAAAAAAAAAAAAAAAAAAAAAAAAAAAAAAAAAAAAAAAAAAAAAAAAAAAAAAAAAAAAAAAAAAAAAAAAAAAAAAAAAAAAAAAAAAAAAAAAAAAAAAAAAAAAAAAAAAAAAAAAAAAAAAAAA,null
patronage-report-03,patronage-03,2,2021/04/28 09:59,This is the memorandum 3,null
patronage-report-04,patronage-04,3,2021/05/28 10:59,This is the memorandum 4,null
patronage-report-05,patronage-05,9999,2021/06/28 11:59,This is the memorandum 5,https://ev.us.es
patronage-report-06,patronage-06,5,2021/06/28 11:59,This is the memorandum 6,https://ev.us.es
patronage-report-07,patronage-07,6,2021/06/28 11:59,This is the memorandum 7,https://ev.us.es
patronage-report-08,patronage-08,7,2021/06/28 11:59,This is the memorandum 8,https://ev.us.es
patronage-report-09,patronage-09,8,2021/06/28 11:59,This is the memorandum 9,https://ev.us.es
patronage-report-10,patronage-10,9,2021/06/28 11:59,This is the memorandum 10,https://ev.us.es
patronage-report-11,patronage-11,10,2021/06/28 11:59,This is the memorandum 11,https://ev.us.es
patronage-report-12,patronage-12,11,2021/06/28 11:59,This is the memorandum 12,https://ev.us.es
patronage-report-13,patronage-13,12,2021/06/28 11:59,This is the memorandum 13,https://ev.us.es
patronage-report-14,patronage-14,13,2021/06/28 11:59,This is the memorandum 14,https://ev.us.es
patronage-report-15,patronage-15,14,2021/06/28 11:59,This is the memorandum 15,https://ev.us.es
patronage-report-16,patronage-16,15,2021/06/28 11:59,This is the memorandum 16,https://ev.us.es
patronage-report-17,patronage-17,16,2021/06/28 11:59,This is the memorandum 17,https://ev.us.es
patronage-report-18,patronage-18,17,2021/06/28 11:59,This is the memorandum 18,https://ev.us.es
patronage-report-19,patronage-19,18,2021/06/28 11:59,This is the memorandum 19,https://ev.us.es
patronage-report-20,patronage-20,19,2021/06/28 11:59,This is the memorandum 20,https://ev.us.es
patronage-report-21,patronage-21,20,2021/06/28 11:59,This is the memorandum 21,https://ev.us.es
patronage-report-22,patronage-22,21,2021/06/28 11:59,This is the memorandum 22,https://ev.us.es
patronage-report-23,patronage-23,22,2021/06/28 11:59,This is the memorandum 23,https://ev.us.es
patronage-report-24,patronage-24,23,2021/06/28 11:59,This is the memorandum 24,https://ev.us.es
patronage-report-25,patronage-25,24,2021/06/28 11:59,This is the memorandum 25,https://ev.us.es